function K = getMavLinkMessageLengthArray_v1_0()
	K = zeros(1,256);
	K(001) = 009;	%%  case: 0
	K(002) = 031;	%%  case: 1
	K(003) = 012;	%%  case: 2
	K(004) = 014;	%%  case: 4
	K(005) = 028;	%%  case: 5
	K(006) = 003;	%%  case: 6
	K(007) = 032;	%%  case: 7
	K(008) = 006;	%%  case: 11
	K(009) = 020;	%%  case: 20
	K(010) = 002;	%%  case: 21
	K(011) = 025;	%%  case: 22
	K(012) = 023;	%%  case: 23
	K(013) = 030;	%%  case: 24
	K(014) = 101;	%%  case: 25
	K(015) = 022;	%%  case: 26
	K(016) = 026;	%%  case: 27
	K(017) = 016;	%%  case: 28
	K(018) = 014;	%%  case: 29
	K(019) = 028;	%%  case: 30
	K(020) = 032;	%%  case: 31
	K(021) = 028;	%%  case: 32
	K(022) = 028;	%%  case: 33
	K(023) = 022;	%%  case: 34
	K(024) = 022;	%%  case: 35
	K(025) = 021;	%%  case: 36
	K(026) = 006;	%%  case: 37
	K(027) = 006;	%%  case: 38
	K(028) = 037;	%%  case: 39
	K(029) = 004;	%%  case: 40
	K(030) = 004;	%%  case: 41
	K(031) = 002;	%%  case: 42
	K(032) = 002;	%%  case: 43
	K(033) = 004;	%%  case: 44
	K(034) = 002;	%%  case: 45
	K(035) = 002;	%%  case: 46
	K(036) = 003;	%%  case: 47
	K(037) = 013;	%%  case: 48
	K(038) = 012;	%%  case: 49
	K(039) = 019;	%%  case: 50
	K(040) = 017;	%%  case: 51
	K(041) = 015;	%%  case: 52
	K(042) = 015;	%%  case: 53
	K(043) = 027;	%%  case: 54
	K(044) = 025;	%%  case: 55
	K(045) = 018;	%%  case: 56
	K(046) = 018;	%%  case: 57
	K(047) = 020;	%%  case: 58
	K(048) = 020;	%%  case: 59
	K(049) = 009;	%%  case: 60
	K(050) = 034;	%%  case: 61
	K(051) = 030;	%%  case: 62
	K(052) = 046;	%%  case: 63
	K(053) = 036;	%%  case: 64
	K(054) = 006;	%%  case: 66
	K(055) = 004;	%%  case: 67
	K(056) = 011;	%%  case: 69
	K(057) = 018;	%%  case: 70
	K(058) = 020;	%%  case: 74
	K(059) = 033;	%%  case: 76
	K(060) = 003;	%%  case: 77
	K(061) = 020;	%%  case: 80
	K(062) = 022;	%%  case: 81
	K(063) = 028;	%%  case: 89
	K(064) = 056;	%%  case: 90
	K(065) = 042;	%%  case: 91
	K(066) = 033;	%%  case: 92
	K(067) = 026;	%%  case: 100
	K(068) = 032;	%%  case: 101
	K(069) = 032;	%%  case: 102
	K(070) = 020;	%%  case: 103
	K(071) = 032;	%%  case: 104
	K(072) = 062;	%%  case: 105
	K(073) = 054;	%%  case: 106
	K(074) = 064;	%%  case: 107
	K(075) = 084;	%%  case: 108
	K(076) = 009;	%%  case: 109
	K(077) = 254;	%%  case: 110
	K(078) = 249;	%%  case: 111
	K(079) = 009;	%%  case: 112
	K(080) = 036;	%%  case: 113
	K(081) = 026;	%%  case: 114
	K(082) = 064;	%%  case: 115
	K(083) = 022;	%%  case: 116
	K(084) = 006;	%%  case: 117
	K(085) = 014;	%%  case: 118
	K(086) = 012;	%%  case: 119
	K(087) = 097;	%%  case: 120
	K(088) = 002;	%%  case: 121
	K(089) = 002;	%%  case: 122
	K(090) = 024;	%%  case: 147
	K(091) = 033;	%%  case: 148
	K(092) = 025;	%%  case: 149
	K(093) = 036;	%%  case: 249
	K(094) = 030;	%%  case: 250
	K(095) = 018;	%%  case: 251
	K(096) = 018;	%%  case: 252
	K(097) = 051;	%%  case: 253
	K(098) = 009;	%%  case: 254
	K(099) = 042;	%%  case: 150
	K(100) = 008;	%%  case: 151
	K(101) = 004;	%%  case: 152
	K(102) = 012;	%%  case: 153
	K(103) = 015;	%%  case: 154
	K(104) = 013;	%%  case: 155
	K(105) = 006;	%%  case: 156
	K(106) = 015;	%%  case: 157
	K(107) = 014;	%%  case: 158
	K(108) = 012;	%%  case: 160
	K(109) = 003;	%%  case: 161
	K(110) = 008;	%%  case: 162
	K(111) = 028;	%%  case: 163
	K(112) = 044;	%%  case: 164
	K(113) = 003;	%%  case: 165
	K(114) = 009;	%%  case: 166
	K(115) = 022;	%%  case: 167
	K(116) = 012;	%%  case: 168
	K(117) = 018;	%%  case: 169
	K(118) = 034;	%%  case: 170
	K(119) = 066;	%%  case: 171
	K(120) = 098;	%%  case: 172
	K(121) = 008;	%%  case: 173
	K(122) = 048;	%%  case: 174
	K(123) = 019;	%%  case: 175
	K(124) = 003;	%%  case: 176
return

