function K = getMavLinkMessageLengthArray_v1_0()
	K = zeros(1,256);
	K(001) = 009;	%%  case: 0
	K(002) = 031;	%%  case: 1
	K(003) = 012;	%%  case: 2
	K(005) = 014;	%%  case: 4
	K(006) = 028;	%%  case: 5
	K(007) = 003;	%%  case: 6
	K(008) = 032;	%%  case: 7
	K(012) = 006;	%%  case: 11
	K(021) = 020;	%%  case: 20
	K(022) = 002;	%%  case: 21
	K(023) = 025;	%%  case: 22
	K(024) = 023;	%%  case: 23
	K(025) = 030;	%%  case: 24
	K(026) = 101;	%%  case: 25
	K(027) = 022;	%%  case: 26
	K(028) = 026;	%%  case: 27
	K(029) = 016;	%%  case: 28
	K(030) = 014;	%%  case: 29
	K(031) = 028;	%%  case: 30
	K(032) = 032;	%%  case: 31
	K(033) = 028;	%%  case: 32
	K(034) = 028;	%%  case: 33
	K(035) = 022;	%%  case: 34
	K(036) = 022;	%%  case: 35
	K(037) = 021;	%%  case: 36
	K(038) = 006;	%%  case: 37
	K(039) = 006;	%%  case: 38
	K(040) = 037;	%%  case: 39
	K(041) = 004;	%%  case: 40
	K(042) = 004;	%%  case: 41
	K(043) = 002;	%%  case: 42
	K(044) = 002;	%%  case: 43
	K(045) = 004;	%%  case: 44
	K(046) = 002;	%%  case: 45
	K(047) = 002;	%%  case: 46
	K(048) = 003;	%%  case: 47
	K(049) = 013;	%%  case: 48
	K(050) = 012;	%%  case: 49
	K(051) = 037;	%%  case: 50
	K(055) = 027;	%%  case: 54
	K(056) = 025;	%%  case: 55
	K(062) = 068;	%%  case: 61
	K(063) = 026;	%%  case: 62
	K(064) = 185;	%%  case: 63
	K(065) = 181;	%%  case: 64
	K(066) = 042;	%%  case: 65
	K(067) = 006;	%%  case: 66
	K(068) = 004;	%%  case: 67
	K(070) = 011;	%%  case: 69
	K(071) = 018;	%%  case: 70
	K(074) = 037;	%%  case: 73
	K(075) = 020;	%%  case: 74
	K(076) = 035;	%%  case: 75
	K(077) = 033;	%%  case: 76
	K(078) = 003;	%%  case: 77
	K(082) = 022;	%%  case: 81
	K(083) = 039;	%%  case: 82
	K(084) = 037;	%%  case: 83
	K(085) = 053;	%%  case: 84
	K(086) = 051;	%%  case: 85
	K(087) = 053;	%%  case: 86
	K(088) = 051;	%%  case: 87
	K(090) = 028;	%%  case: 89
	K(091) = 056;	%%  case: 90
	K(092) = 042;	%%  case: 91
	K(093) = 033;	%%  case: 92
	K(101) = 026;	%%  case: 100
	K(102) = 032;	%%  case: 101
	K(103) = 032;	%%  case: 102
	K(104) = 020;	%%  case: 103
	K(105) = 032;	%%  case: 104
	K(106) = 062;	%%  case: 105
	K(107) = 044;	%%  case: 106
	K(108) = 064;	%%  case: 107
	K(109) = 084;	%%  case: 108
	K(110) = 009;	%%  case: 109
	K(111) = 254;	%%  case: 110
	K(112) = 016;	%%  case: 111
	K(114) = 036;	%%  case: 113
	K(115) = 044;	%%  case: 114
	K(116) = 064;	%%  case: 115
	K(117) = 022;	%%  case: 116
	K(118) = 006;	%%  case: 117
	K(119) = 014;	%%  case: 118
	K(120) = 012;	%%  case: 119
	K(121) = 097;	%%  case: 120
	K(122) = 002;	%%  case: 121
	K(123) = 002;	%%  case: 122
	K(124) = 113;	%%  case: 123
	K(125) = 035;	%%  case: 124
	K(126) = 006;	%%  case: 125
	K(127) = 079;	%%  case: 126
	K(128) = 035;	%%  case: 127
	K(129) = 035;	%%  case: 128
	K(130) = 022;	%%  case: 129
	K(131) = 013;	%%  case: 130
	K(132) = 255;	%%  case: 131
	K(133) = 014;	%%  case: 132
	K(134) = 018;	%%  case: 133
	K(135) = 043;	%%  case: 134
	K(136) = 008;	%%  case: 135
	K(137) = 022;	%%  case: 136
	K(138) = 014;	%%  case: 137
	K(139) = 036;	%%  case: 138
	K(140) = 043;	%%  case: 139
	K(141) = 041;	%%  case: 140
	K(148) = 036;	%%  case: 147
	K(149) = 060;	%%  case: 148
	K(249) = 254;	%%  case: 248
	K(250) = 036;	%%  case: 249
	K(251) = 030;	%%  case: 250
	K(252) = 018;	%%  case: 251
	K(253) = 018;	%%  case: 252
	K(254) = 051;	%%  case: 253
	K(255) = 009;	%%  case: 254
	K(152) = 011;	%%  case: 151
	K(153) = 052;	%%  case: 152
	K(154) = 001;	%%  case: 153
	K(155) = 092;	%%  case: 154
	K(161) = 018;	%%  case: 160
	K(171) = 018;	%%  case: 170
	K(172) = 026;	%%  case: 171
	K(173) = 016;	%%  case: 172
	K(181) = 004;	%%  case: 180
	K(182) = 255;	%%  case: 181
	K(183) = 012;	%%  case: 182
	K(184) = 006;	%%  case: 183
	K(191) = 106;	%%  case: 190
	K(192) = 043;	%%  case: 191
	K(193) = 055;	%%  case: 192
	K(196) = 053;	%%  case: 195
	K(201) = 021;	%%  case: 200
	K(206) = 048;	%%  case: 205
	K(207) = 039;	%%  case: 206
return

