function K = getMavLinkMessageLengthArray_v0_9()
	K = zeros(1,256);
	K(001) = 040;	%%  case: 111
	K(002) = 072;	%%  case: 112
	K(003) = 012;	%%  case: 113
	K(004) = 033;	%%  case: 114
	K(005) = 011;	%%  case: 115
	K(006) = 008;	%%  case: 116
	K(007) = 012;	%%  case: 117
	K(008) = 048;	%%  case: 120
	K(009) = 048;	%%  case: 121
	K(010) = 005;	%%  case: 0
	K(011) = 004;	%%  case: 1
	K(012) = 008;	%%  case: 2
	K(013) = 014;	%%  case: 3
	K(014) = 008;	%%  case: 4
	K(015) = 028;	%%  case: 5
	K(016) = 003;	%%  case: 6
	K(017) = 032;	%%  case: 7
	K(018) = 002;	%%  case: 9
	K(019) = 003;	%%  case: 10
	K(020) = 002;	%%  case: 11
	K(021) = 002;	%%  case: 12
	K(022) = 019;	%%  case: 20
	K(023) = 002;	%%  case: 21
	K(024) = 023;	%%  case: 22
	K(025) = 021;	%%  case: 23
	K(026) = 037;	%%  case: 25
	K(027) = 026;	%%  case: 26
	K(028) = 101;	%%  case: 27
	K(029) = 026;	%%  case: 28
	K(030) = 016;	%%  case: 29
	K(031) = 018;	%%  case: 38
	K(032) = 032;	%%  case: 30
	K(033) = 032;	%%  case: 31
	K(034) = 032;	%%  case: 33
	K(035) = 037;	%%  case: 32
	K(036) = 011;	%%  case: 34
	K(037) = 017;	%%  case: 35
	K(038) = 017;	%%  case: 36
	K(039) = 016;	%%  case: 37
	K(040) = 036;	%%  case: 39
	K(041) = 004;	%%  case: 40
	K(042) = 004;	%%  case: 41
	K(043) = 002;	%%  case: 42
	K(044) = 002;	%%  case: 43
	K(045) = 004;	%%  case: 44
	K(046) = 002;	%%  case: 45
	K(047) = 002;	%%  case: 46
	K(048) = 003;	%%  case: 47
	K(049) = 014;	%%  case: 48
	K(050) = 012;	%%  case: 49
	K(051) = 018;	%%  case: 50
	K(052) = 016;	%%  case: 51
	K(053) = 008;	%%  case: 52
	K(054) = 027;	%%  case: 53
	K(055) = 025;	%%  case: 54
	K(056) = 018;	%%  case: 55
	K(057) = 018;	%%  case: 56
	K(058) = 024;	%%  case: 57
	K(059) = 024;	%%  case: 58
	K(060) = 026;	%%  case: 62
	K(061) = 016;	%%  case: 63
	K(062) = 036;	%%  case: 64
	K(063) = 005;	%%  case: 65
	K(064) = 006;	%%  case: 66
	K(065) = 056;	%%  case: 67
	K(066) = 026;	%%  case: 68
	K(067) = 021;	%%  case: 69
	K(068) = 018;	%%  case: 70
	K(069) = 018;	%%  case: 73
	K(070) = 020;	%%  case: 74
	K(071) = 020;	%%  case: 75
	K(072) = 008;	%%  case: 76
	K(073) = 018;	%%  case: 100
	K(074) = 036;	%%  case: 140
	K(075) = 030;	%%  case: 251
	K(076) = 014;	%%  case: 252
	K(077) = 014;	%%  case: 253
	K(078) = 051;	%%  case: 254
	K(079) = 005;	%%  case: 255
	K(080) = 042;	%%  case: 150
	K(081) = 008;	%%  case: 151
	K(082) = 004;	%%  case: 152
	K(083) = 012;	%%  case: 153
	K(084) = 015;	%%  case: 154
	K(085) = 013;	%%  case: 155
	K(086) = 006;	%%  case: 156
	K(087) = 015;	%%  case: 157
	K(088) = 014;	%%  case: 158
	K(089) = 012;	%%  case: 160
	K(090) = 003;	%%  case: 161
	K(091) = 008;	%%  case: 162
return

